x1:
  coords:
    spawn:
      x: -779.3596376958965
      y: 71.5
      z: -1286.543079670678
      yaw: 88.350075
      pitch: -1.3500025
    loc_1:
      x: -784.0501082927445
      y: 73.0
      z: -1281.2560729051247
      yaw: 180.60014
      pitch: -3.3000019
    loc_2:
      x: -784.2851470094027
      y: 73.0
      z: -1292.1499718079226
      yaw: -1.7998289
      pitch: 1.8000085

